4294967279,148
7840,4
4294967279,84
4294967279,31
4294967279,29
4294967279,28
4294967279,17
4294967279,16
4294967279,15
4294967279,14
4294967279,13
4294967279,12
4294967279,11
4294967279,10
4294967279,5
4294967279,4
4294967278,317
4294967278,419
4294967278,305
4294967278,84
4294967278,74
4294967278,65
4294967279,523
4294967279,307
4294967279,83
4294967279,81
4294967279,71
4294967279,232
4294967279,88
4294967279,230
4294967278,375
4294967278,142
4294967278,134
4294967278,364
4294967279,228
4294967279,277
4294967278,413
4294967278,268
4294967278,354
4294967294,397
4294967294,453
4294967294,455
4294967279,305
4294967294,392
4294967294,435
4294967278,264
4294967279,564
4294967278,216
4294967279,210
4294967279,209
4294967279,208
4294967279,519
4294967279,226
4294967279,224
4294967278,201
4294967279,199
4294967278,197
4294967279,537
4294967279,533
4294967279,194
4294967278,187
4294967278,374
4294967279,186
4294967278,183
4294967278,388
4294967279,535
4294967279,375
4294967278,175
4294967278,168
4294967279,529
4294967294,188
4294967294,179
4294967294,898
4294967294,910
4294967279,162
4294967279,161
4294967278,159
4294967279,153
4294967278,408
4294967278,387
4294967278,138
4294967294,412
4294967294,113
4294967294,399
4294967278,274
4294967279,528
4294967278,301
4294967278,262
4294967278,271
4294967279,568
4294967278,357
4294967279,369
4294967278,417
4294967278,248
4294967279,245
4294967279,243
4294967279,293
4294967279,241
14323,3
14323,2
14323,1
4294967278,230
14322,4
14322,3
14322,2
14322,1
4294967279,227
4294967294,483
4294967278,226
4294967294,170
4294967294,961
4294967294,144
4294967278,396
4294967279,215
4294967278,300
4294967278,251
4294967278,370
4294967278,207
4294967279,220
4294967279,350
4294967278,432
4294967279,289
4294967279,316
4294967278,181
4294967278,173
4294967279,167
4294967278,166
4294967279,166
4294967278,164
4294967279,218
4294967279,294
4294967278,367
4294967279,158
4294967278,154
4294967278,156
4294967294,408
4294967294,178
4294967294,405
4294967294,415
4294967294,190
4294967294,458
4294967294,467
4294967278,329
4294967279,145
4294967279,362
4294967278,146
4294967278,330
4294967279,216
4294967278,369
4294967279,361
4294967279,140
4294967278,140
4294967279,270
4294967278,368
4294967278,221
4294967278,295
4294967279,373
4294967278,286
4294967279,253
4294967278,252
4294967279,340
4294967279,526
4294967278,395
4294967279,213
4294967279,520
4294967278,208
4294967294,906
4294967294,182
4294967278,204
4294967279,198
4294967278,310
4294967278,189
4294967278,188
4294967279,315
4294967294,167
4294967294,450
4294967294,469
4294967294,116
4294967294,184
4294967278,431
4294967278,172
4294967294,966
14302,4
14302,3
14302,2
14302,1
4294967278,158
4294967278,335
4294967278,326
4294967279,298
4294967279,222
4294967278,366
4294967278,223
4294967279,574
4294967279,527
4294967278,217
4294967278,327
4294967279,522
4294967294,386
4294967294,387
4294967279,573
4294967278,365
4294967279,517
4294967279,278
4294967278,259
4294967279,269
4294967279,351
4294967278,363
4294967294,1419
4294967278,380
4294967279,570
4294967279,521
4294967279,283
4294967278,362
4294967279,313
4294967278,253
4294967279,372
4294967294,388
4294967294,115
4294967294,423
4294967294,114
4294967278,406
4294967279,239
4294967278,238
4294967278,234
4294967294,177
4294967294,442
4294967294,402
4294967294,457
4294967294,108
4294967294,401
4294967294,448
4294967294,409
4294967278,361
4294967294,68
4294967294,11
4294967279,572
4294967279,0
4294967279,382
4294967278,212
4294967294,1
4294967278,360
4294967278,205
4294967279,204
4294967278,203
4294967278,202
4294967278,219
4294967279,571
4294967279,197
4294967278,272
4294967278,196
4294967279,196
4294967278,195
4294967279,195
4294967278,190
4294967278,192
4294967278,191
4294967279,188
4294967279,317
4294967279,187
4294967278,186
4294967278,180
4294967278,179
4294967279,179
4294967278,178
4294967279,178
4294967279,569
4294967278,313
4294967278,325
4294967294,1418
4294967278,416
4294967279,164
4294967278,163
4294967279,163
4294967279,524
4294967278,0
4294967278,318
4294967294,38
4294967294,37
4294967294,36
4294967294,39
4294967279,155
4294967278,151
4294967278,153
4294967279,152
4294967279,151
4294967294,40
4294967279,149
4294967279,364
4294967278,148
4294967279,147
4294967278,147
4294967279,146
4294967278,316
4294967279,141
4294967294,486
4294967279,272
4294967278,277
4294967294,406
4294967294,420
4294967294,414
4294967294,398
4294967294,118
4294967294,454
4294967279,133
4294967279,311
4294967279,282
4294967279,279
4294967279,280
4294967279,567
4294967279,346
4294967278,281
4294967278,265
4294967279,516
4294967279,513
4294967278,257
4294967279,550
14284,4
4294967278,358
14284,3
14284,2
14284,1
4294967278,418
4294967278,353
4294967279,548
4294967278,355
4294967279,546
14283,4
14283,3
14283,2
14283,1
4294967279,250
14282,4
14282,3
14282,2
14282,1
4294967278,244
7828,4
7830,4
7835,4
4294967279,342
4294967278,352
4294967279,543
4294967279,260
4294967279,565
4294967279,235
4294967279,292
4294967278,294
4294967294,89
4294967278,445
4294967278,308
4294967278,218
4294967279,217
4294967279,575
4294967294,484
4294967279,514
4294967294,389
4294967278,394
4294967278,210
4294967278,351
4294967279,274
4294967278,320
4294967278,292
4294967279,544
4294967278,291
4294967279,562
4294967279,203
4294967279,291
4294967278,200
4294967279,561
4294967279,320
4294967278,409
4294967278,386
4294967294,81
4294967294,50
4294967294,46
4294967278,382
4294967279,319
4294967279,334
4294967278,405
4294967279,339
4294967278,263
4294967278,381
4294967294,165
4294967279,177
0,7
4294967294,969
4294967294,45
4294967294,44
4294967294,27
4294967294,903
4294967294,185
4294967279,343
4294967278,420
4294967294,485
4294967294,902
4294967294,396
4294967294,29
4294967294,28
4294967294,948
4294967294,2
4294967294,110
4294967294,418
4294967294,25
4294967294,395
4294967294,24
4294967278,423
4294967279,168
4294967294,96
4294967294,94
0,5
4294967294,7
4294967294,6
4294967294,22
4294967294,5
4294967294,95
4294967294,93
4294967294,8
4294967294,0
4294967294,9
4294967294,107
4294967294,17
4294967294,42
4294967294,67
4294967294,99
4294967294,76
4294967294,41
4294967294,92
4294967294,91
4294967294,90
4294967294,88
4294967294,87
4294967294,86
4294967294,85
4294967294,84
4294967294,1414
4294967294,83
4294967294,972
4294967294,950
4294967294,949
4294967294,921
4294967294,920
4294967294,946
